dataset: /home/chiliu/slam/RGBD_SLAM/dataset/rgbd_dataset_freiburg1_desk
read total 574 entries
****** loop 0 ******
extract keypoints cost time: 0.008277
descriptor computation cost time: 0.007201
Key frame size = 0
VO costs time: 0.016301

****** loop 1 ******
extract keypoints cost time: 0.007312
descriptor computation cost time: 0.006823
good matches: 134
flann match cost time: 0.014009
pnp inliers: 133
T_c_w_estimated_: 
   0.999613   0.0227123  -0.0160472 0.000690691
 -0.0227533    0.999738 -0.00237817 -0.00319976
   0.015989  0.00274238    0.999868  0.00789442
          0           0           0           1
map points: 499
VO costs time: 0.031121

****** loop 2 ******
extract keypoints cost time: 0.008239
descriptor computation cost time: 0.011371
good matches: 107
flann match cost time: 0.012397
pnp inliers: 106
T_c_w_estimated_: 
    0.998769     0.041501    -0.027171  -0.00096103
  -0.0415234     0.999137 -0.000258857  -0.00473699
   0.0271368   0.00138677     0.999631     0.016573
           0            0            0            1
map points: 499
VO costs time: 0.034674

****** loop 3 ******
extract keypoints cost time: 0.005218
descriptor computation cost time: 0.007206
good matches: 96
flann match cost time: 0.014597
pnp inliers: 96
T_c_w_estimated_: 
    0.99747   0.0579864  -0.0411154 -0.00405402
 -0.0577422    0.998306  0.00710292  -0.0077429
  0.0414577 -0.00471086    0.999129   0.0267729
          0           0           0           1
map points: 909
VO costs time: 0.029003

****** loop 4 ******
extract keypoints cost time: 0.005665
descriptor computation cost time: 0.007893
good matches: 216
flann match cost time: 0.0307
pnp inliers: 216
T_c_w_estimated_: 
     0.9953   0.0783475  -0.0569214 -0.00575657
 -0.0774779    0.996843   0.0173303    -0.01205
  0.0580995  -0.0128387    0.998228   0.0373278
          0           0           0           1
map points: 909
VO costs time: 0.046875

****** loop 5 ******
extract keypoints cost time: 0.00814
descriptor computation cost time: 0.008612
good matches: 149
flann match cost time: 0.019203
pnp inliers: 149
T_c_w_estimated_: 
   0.992828     0.09791  -0.0685949 -0.00527359
 -0.0959518    0.994894   0.0312898  -0.0146894
  0.0713083  -0.0244836    0.997154   0.0512418
          0           0           0           1
map points: 909
Key frame size = 1
VO costs time: 0.038438

****** loop 6 ******
extract keypoints cost time: 0.006594
descriptor computation cost time: 0.007722
good matches: 118
flann match cost time: 0.023019
pnp inliers: 117
T_c_w_estimated_: 
   0.990929    0.109722  -0.0775886 -0.00324105
  -0.106299    0.993225   0.0469592   -0.018893
  0.0822154  -0.0382856    0.995879   0.0658532
          0           0           0           1
map points: 909
VO costs time: 0.039408

****** loop 7 ******
extract keypoints cost time: 0.004991
descriptor computation cost time: 0.007287
good matches: 120
flann match cost time: 0.024532
pnp inliers: 118
T_c_w_estimated_: 
  0.989487   0.121748 -0.0780587 -0.0097139
 -0.116696   0.990951  0.0663218 -0.0269073
 0.0854269 -0.0565154    0.99474  0.0780672
         0          0          0          1
map points: 909
VO costs time: 0.038299

****** loop 8 ******
extract keypoints cost time: 0.006558
descriptor computation cost time: 0.006181
good matches: 92
flann match cost time: 0.01981
pnp inliers: 91
T_c_w_estimated_: 
  0.987703   0.127807 -0.0900416 0.00512997
 -0.120481   0.989274  0.0825967 -0.0334829
 0.0996323 -0.0707328   0.992507  0.0909403
         0          0          0          1
map points: 1327
VO costs time: 0.034244

****** loop 9 ******
extract keypoints cost time: 0.006335
descriptor computation cost time: 0.006532
good matches: 277
flann match cost time: 0.027801
pnp inliers: 277
T_c_w_estimated_: 
  0.988485   0.126696 -0.0827426  0.0100514
 -0.118447   0.988115  0.0979756 -0.0373718
 0.0941723 -0.0870467   0.991743   0.107197
         0          0          0          1
map points: 792
VO costs time: 0.043248

****** loop 10 ******
extract keypoints cost time: 0.01018
descriptor computation cost time: 0.007856
good matches: 232
flann match cost time: 0.022191
pnp inliers: 232
T_c_w_estimated_: 
  0.990526   0.117469  -0.071127   0.013972
 -0.108954    0.98753   0.113638 -0.0464812
  0.083589  -0.104812   0.990973   0.123928
         0          0          0          1
map points: 792
VO costs time: 0.042274

****** loop 11 ******
extract keypoints cost time: 0.006885
descriptor computation cost time: 0.006377
good matches: 185
flann match cost time: 0.026494
pnp inliers: 184
T_c_w_estimated_: 
  0.991984   0.109018 -0.0638918  0.0246058
 -0.100601   0.987327    0.12274 -0.0542316
  0.076463  -0.115328    0.99038   0.142211
         0          0          0          1
map points: 792
Key frame size = 2
VO costs time: 0.042179

****** loop 12 ******
extract keypoints cost time: 0.006779
descriptor computation cost time: 0.006368
good matches: 153
flann match cost time: 0.025002
pnp inliers: 153
T_c_w_estimated_: 
   0.99423   0.094402 -0.0509395  0.0394277
-0.0870274   0.987495   0.131454 -0.0590305
  0.062712  -0.126262   0.990013   0.155228
         0          0          0          1
map points: 792
VO costs time: 0.041186

****** loop 13 ******
extract keypoints cost time: 0.008016
descriptor computation cost time: 0.009033
good matches: 162
flann match cost time: 0.019752
pnp inliers: 161
T_c_w_estimated_: 
   0.99678  0.0755517 -0.0268511    0.04315
-0.0709516   0.987099    0.14353 -0.0688101
 0.0373487  -0.141163   0.989282   0.170593
         0          0          0          1
map points: 792
VO costs time: 0.038391

****** loop 14 ******
extract keypoints cost time: 0.006138
descriptor computation cost time: 0.009173
good matches: 137
flann match cost time: 0.023952
pnp inliers: 136
T_c_w_estimated_: 
  0.997843  0.0636659 -0.0160054  0.0588535
-0.0606523   0.987383   0.146273 -0.0712526
  0.025116  -0.144987   0.989115   0.184535
         0          0          0          1
map points: 792
VO costs time: 0.043039

****** loop 15 ******
extract keypoints cost time: 0.004526
descriptor computation cost time: 0.006598
good matches: 87
flann match cost time: 0.022608
pnp inliers: 87
T_c_w_estimated_: 
  0.998779  0.0489189 0.00689625  0.0750987
-0.0493919   0.985883   0.159986  -0.087686
0.00102746  -0.160132   0.987095   0.180909
         0          0          0          1
map points: 1192
Key frame size = 3
VO costs time: 0.035843

****** loop 16 ******
extract keypoints cost time: 0.00726
descriptor computation cost time: 0.006318
good matches: 217
flann match cost time: 0.031872
pnp inliers: 215
T_c_w_estimated_: 
  0.998563  0.0338997  0.0415137   0.089644
-0.0400402   0.986728   0.157366 -0.0911931
-0.0356281  -0.158802   0.986667   0.187141
         0          0          0          1
map points: 871
VO costs time: 0.047328

****** loop 17 ******
extract keypoints cost time: 0.004509
descriptor computation cost time: 0.005689
good matches: 167
flann match cost time: 0.020687
pnp inliers: 164
T_c_w_estimated_: 
 0.996604 0.0228175 0.0791176  0.108043
-0.0347091  0.987716  0.152356 -0.097027
-0.0746693 -0.154585  0.985154  0.191924
        0         0         0         1
map points: 850
VO costs time: 0.03286

****** loop 18 ******
extract keypoints cost time: 0.007508
descriptor computation cost time: 0.00747
good matches: 221
flann match cost time: 0.024895
pnp inliers: 216
T_c_w_estimated_: 
  0.992497 0.00504787   0.122167   0.113771
-0.0227458   0.989329   0.143911  -0.095193
 -0.120136   -0.14561   0.982021   0.193538
         0          0          0          1
map points: 831
Key frame size = 4
VO costs time: 0.04372

****** loop 19 ******
extract keypoints cost time: 0.007315
descriptor computation cost time: 0.007343
good matches: 203
flann match cost time: 0.026101
pnp inliers: 201
T_c_w_estimated_: 
  0.990119 -0.0188352   0.138956   0.137987
-0.000850966   0.990113   0.140272 -0.0932334
 -0.140224  -0.139004   0.980314   0.192763
         0          0          0          1
map points: 782
VO costs time: 0.043029

****** loop 20 ******
extract keypoints cost time: 0.006842
descriptor computation cost time: 0.009588
good matches: 156
flann match cost time: 0.021257
pnp inliers: 154
T_c_w_estimated_: 
  0.985862 -0.0385329   0.163067   0.157079
 0.0142633   0.988965   0.147461 -0.0926501
  -0.16695   -0.14305   0.975533    0.19432
         0          0          0          1
map points: 740
VO costs time: 0.039528

****** loop 21 ******
extract keypoints cost time: 0.005304
descriptor computation cost time: 0.006037
good matches: 163
flann match cost time: 0.01771
pnp inliers: 159
T_c_w_estimated_: 
   0.97778 -0.0646123   0.199428   0.155863
 0.0342531   0.987773   0.152086  -0.091532
 -0.206817  -0.141876   0.968038   0.188144
         0          0          0          1
map points: 731
Key frame size = 5
VO costs time: 0.031317

****** loop 22 ******
extract keypoints cost time: 0.00472
descriptor computation cost time: 0.008035
good matches: 114
flann match cost time: 0.02417
pnp inliers: 113
T_c_w_estimated_: 
  0.972297 -0.0909801   0.215317   0.179581
 0.0577705   0.986099   0.155795  -0.087196
 -0.226498   -0.13904   0.964037   0.181269
         0          0          0          1
map points: 730
VO costs time: 0.039375

****** loop 23 ******
extract keypoints cost time: 0.007
descriptor computation cost time: 0.007414
good matches: 99
flann match cost time: 0.020576
pnp inliers: 97
T_c_w_estimated_: 
 0.965049 -0.118562  0.233715  0.208892
 0.081063  0.983123  0.164008 -0.077613
-0.249215  -0.13933  0.958373  0.175422
        0         0         0         1
map points: 1093
VO costs time: 0.037488

****** loop 24 ******
extract keypoints cost time: 0.005189
descriptor computation cost time: 0.008581
good matches: 205
flann match cost time: 0.026627
pnp inliers: 204
T_c_w_estimated_: 
  0.952158  -0.145509   0.268743   0.220092
  0.101654   0.980099   0.170506 -0.0750416
 -0.288205   -0.13503      0.948   0.168718
         0          0          0          1
map points: 838
Key frame size = 6
VO costs time: 0.043922

****** loop 25 ******
extract keypoints cost time: 0.005145
descriptor computation cost time: 0.005658
good matches: 131
flann match cost time: 0.023153
pnp inliers: 129
T_c_w_estimated_: 
  0.937784  -0.176035   0.299287   0.237766
  0.128423   0.976679   0.172064 -0.0691391
 -0.322597  -0.122923   0.938521    0.16177
         0          0          0          1
map points: 808
VO costs time: 0.037095

****** loop 26 ******
extract keypoints cost time: 0.004995
descriptor computation cost time: 0.00836
good matches: 101
flann match cost time: 0.02337
pnp inliers: 97
T_c_w_estimated_: 
  0.922522  -0.211451   0.322866   0.264636
  0.159342   0.970604   0.180381 -0.0537593
 -0.351517  -0.114959   0.929097   0.142782
         0          0          0          1
map points: 610
VO costs time: 0.038421

****** loop 27 ******
extract keypoints cost time: 0.006733
descriptor computation cost time: 0.005779
good matches: 58
flann match cost time: 0.024681
pnp inliers: 52
T_c_w_estimated_: 
  0.901533  -0.247934   0.354637   0.266777
  0.185936   0.962014   0.199891 -0.0441427
 -0.390726  -0.114268   0.913387   0.135139
         0          0          0          1
map points: 905
Key frame size = 7
VO costs time: 0.039936

****** loop 28 ******
extract keypoints cost time: 0.008411
descriptor computation cost time: 0.008713
good matches: 242
flann match cost time: 0.023954
pnp inliers: 238
T_c_w_estimated_: 
  0.885626  -0.271661   0.376653   0.266197
  0.207241   0.957006   0.202953 -0.0406016
 -0.415593  -0.101683   0.903849   0.123816
         0          0          0          1
map points: 867
VO costs time: 0.042967

****** loop 29 ******
extract keypoints cost time: 0.005325
descriptor computation cost time: 0.005926
good matches: 177
flann match cost time: 0.018802
pnp inliers: 174
T_c_w_estimated_: 
  0.874665  -0.300087   0.380668   0.295504
  0.232429   0.948801   0.213901 -0.0300686
 -0.425367 -0.0986136   0.899632   0.111396
         0          0          0          1
map points: 822
VO costs time: 0.032415

****** loop 30 ******
extract keypoints cost time: 0.006619
descriptor computation cost time: 0.006498
good matches: 226
flann match cost time: 0.01836
pnp inliers: 224
T_c_w_estimated_: 
  0.848938  -0.329783   0.412973   0.286154
  0.249916   0.939035   0.236127 -0.0238245
 -0.465667 -0.0972483   0.879601  0.0960155
         0          0          0          1
map points: 795
Key frame size = 8
VO costs time: 0.033632

****** loop 31 ******
extract keypoints cost time: 0.006037
descriptor computation cost time: 0.009243
good matches: 174
flann match cost time: 0.020975
pnp inliers: 168
T_c_w_estimated_: 
   0.83137  -0.346016   0.434852   0.282776
  0.259871   0.933743   0.246154 -0.0270658
 -0.491213 -0.0916401   0.866205  0.0869611
         0          0          0          1
map points: 761
VO costs time: 0.038205

****** loop 32 ******
extract keypoints cost time: 0.00491
descriptor computation cost time: 0.008467
good matches: 116
flann match cost time: 0.020586
pnp inliers: 108
T_c_w_estimated_: 
  0.814488  -0.371074   0.445997   0.305136
  0.277412   0.924235   0.262358 -0.0241235
 -0.509561 -0.0899625   0.855719  0.0742903
         0          0          0          1
map points: 738
VO costs time: 0.035621

****** loop 33 ******
extract keypoints cost time: 0.006539
descriptor computation cost time: 0.00849
good matches: 103
flann match cost time: 0.021522
pnp inliers: 102
T_c_w_estimated_: 
   0.78881  -0.402678    0.46436   0.302572
  0.303336    0.91213   0.275691 -0.0114855
 -0.534571 -0.0766109   0.841644  0.0625549
         0          0          0          1
map points: 648
Key frame size = 9
VO costs time: 0.038782

****** loop 34 ******
extract keypoints cost time: 0.007261
descriptor computation cost time: 0.006378
good matches: 96
flann match cost time: 0.023876
pnp inliers: 90
T_c_w_estimated_: 
  0.756477  -0.443172   0.480979   0.288648
  0.340945   0.894805   0.288237  0.0105883
 -0.558121 -0.0540577   0.827997  0.0538256
         0          0          0          1
map points: 998
VO costs time: 0.039969

****** loop 35 ******
extract keypoints cost time: 0.006885
descriptor computation cost time: 0.009351
good matches: 268
flann match cost time: 0.035009
pnp inliers: 264
T_c_w_estimated_: 
  0.735066  -0.471752   0.486959   0.294929
  0.365619   0.880663   0.301257  0.0141495
 -0.570965 -0.0434026   0.819826  0.0491611
         0          0          0          1
map points: 975
VO costs time: 0.05591

****** loop 36 ******
extract keypoints cost time: 0.007365
descriptor computation cost time: 0.007415
good matches: 199
flann match cost time: 0.031418
pnp inliers: 194
T_c_w_estimated_: 
  0.716822  -0.491413   0.494651   0.301113
  0.385776   0.870466   0.305723  0.0164307
 -0.580813 -0.0283245   0.813544  0.0452583
         0          0          0          1
map points: 973
Key frame size = 10
VO costs time: 0.048917

****** loop 37 ******
extract keypoints cost time: 0.008171
descriptor computation cost time: 0.009024
good matches: 144
flann match cost time: 0.029892
pnp inliers: 139
T_c_w_estimated_: 
   0.689392   -0.516355    0.508052    0.309304
   0.410893    0.856347    0.312789   0.0253479
  -0.596579 -0.00687964    0.802525   0.0405537
          0           0           0           1
map points: 894
VO costs time: 0.048847

****** loop 38 ******
extract keypoints cost time: 0.007732
descriptor computation cost time: 0.009851
good matches: 114
flann match cost time: 0.023397
pnp inliers: 109
T_c_w_estimated_: 
 0.656592 -0.535422  0.531235  0.304277
 0.426335  0.844475  0.324192 0.0279571
-0.622194 0.0136223  0.782744 0.0279365
        0         0         0         1
map points: 894
VO costs time: 0.042565

****** loop 39 ******
extract keypoints cost time: 0.009108
descriptor computation cost time: 0.006605
good matches: 102
flann match cost time: 0.023718
pnp inliers: 95
T_c_w_estimated_: 
 0.626383 -0.545167  0.557169  0.299087
 0.441273  0.837198  0.323075 0.0313147
 -0.64259 0.0434947  0.764974 0.0152163
        0         0         0         1
map points: 880
Key frame size = 11
VO costs time: 0.041147

****** loop 40 ******
extract keypoints cost time: 0.005159
descriptor computation cost time: 0.005978
good matches: 59
flann match cost time: 0.027258
pnp inliers: 57
T_c_w_estimated_: 
 0.606703  -0.53009  0.592382  0.300048
 0.439783  0.844596  0.305367 0.0255431
-0.662195 0.0752522  0.745543 0.0216845
        0         0         0         1
map points: 1302
VO costs time: 0.041478

****** loop 41 ******
extract keypoints cost time: 0.00529
descriptor computation cost time: 0.012438
good matches: 222
flann match cost time: 0.033553
pnp inliers: 212
T_c_w_estimated_: 
 0.578222 -0.532047  0.618535  0.290577
 0.445739  0.840982  0.306702  0.024306
-0.683356  0.098363  0.723429 0.0137437
        0         0         0         1
map points: 1055
VO costs time: 0.053572

****** loop 42 ******
extract keypoints cost time: 0.008802
descriptor computation cost time: 0.010648
good matches: 64
flann match cost time: 0.026238
pnp inliers: 63
T_c_w_estimated_: 
 0.569951 -0.520801   0.63555  0.286669
 0.445407    0.8458  0.293657 0.0188604
-0.690485  0.115708  0.714033 0.0139307
        0         0         0         1
map points: 1345
Key frame size = 12
VO costs time: 0.048306

****** loop 43 ******
extract keypoints cost time: 0.006233
descriptor computation cost time: 0.010165
good matches: 325
flann match cost time: 0.035136
pnp inliers: 325
T_c_w_estimated_: 
  0.573547  -0.507487   0.643041   0.289135
  0.439758   0.853032   0.280978 0.00960858
 -0.691127   0.121628   0.712425  0.0194914
         0          0          0          1
map points: 1155
VO costs time: 0.053758

****** loop 44 ******
extract keypoints cost time: 0.008557
descriptor computation cost time: 0.014383
good matches: 225
flann match cost time: 0.039924
pnp inliers: 225
T_c_w_estimated_: 
     0.5785   -0.494537    0.648668    0.290903
   0.432423    0.860238    0.270189 -0.00630525
  -0.691627    0.124195    0.711497   0.0229794
          0           0           0           1
map points: 761
VO costs time: 0.065278

****** loop 45 ******
extract keypoints cost time: 0.006256
descriptor computation cost time: 0.005929
good matches: 179
flann match cost time: 0.017208
pnp inliers: 179
T_c_w_estimated_: 
  0.589206  -0.479737   0.650146    0.29013
  0.427771   0.867845     0.2527 -0.0192415
 -0.685455   0.129221   0.716556  0.0256018
         0          0          0          1
map points: 761
VO costs time: 0.031444

****** loop 46 ******
extract keypoints cost time: 0.006423
descriptor computation cost time: 0.00718
good matches: 140
flann match cost time: 0.024782
pnp inliers: 140
T_c_w_estimated_: 
  0.602974  -0.469268   0.645143   0.291898
  0.424447   0.873443   0.238626 -0.0285277
 -0.675475   0.129944   0.725843  0.0359346
         0          0          0          1
map points: 760
VO costs time: 0.040186

****** loop 47 ******
extract keypoints cost time: 0.008201
descriptor computation cost time: 0.006301
good matches: 118
flann match cost time: 0.023337
pnp inliers: 118
T_c_w_estimated_: 
 0.618193 -0.460763  0.636817  0.297987
 0.419965  0.878455  0.227915 -0.042036
 -0.66443  0.126545  0.736559 0.0445215
        0         0         0         1
map points: 760
VO costs time: 0.040292

****** loop 48 ******
extract keypoints cost time: 0.012625
descriptor computation cost time: 0.009417
good matches: 122
flann match cost time: 0.023236
pnp inliers: 122
T_c_w_estimated_: 
  0.632737  -0.451905   0.628829   0.306139
  0.416141   0.883266   0.216028 -0.0522494
 -0.653047   0.124992   0.746931  0.0523149
         0          0          0          1
map points: 760
VO costs time: 0.047039

****** loop 49 ******
extract keypoints cost time: 0.007697
descriptor computation cost time: 0.009392
good matches: 134
flann match cost time: 0.021943
pnp inliers: 131
T_c_w_estimated_: 
  0.643343  -0.438148   0.627803    0.31189
  0.408995   0.889909   0.201954 -0.0628238
 -0.647173   0.126843   0.751716  0.0518031
         0          0          0          1
map points: 760
Key frame size = 13
VO costs time: 0.041227

****** loop 50 ******
extract keypoints cost time: 0.005976
descriptor computation cost time: 0.008324
good matches: 117
flann match cost time: 0.027002
pnp inliers: 116
T_c_w_estimated_: 
  0.648435  -0.434059     0.6254   0.318781
  0.409354   0.891451    0.19428 -0.0642067
 -0.641842   0.130031   0.755732  0.0666511
         0          0          0          1
map points: 760
VO costs time: 0.044175

****** loop 51 ******
extract keypoints cost time: 0.008518
descriptor computation cost time: 0.007666
good matches: 104
flann match cost time: 0.033556
pnp inliers: 101
T_c_w_estimated_: 
  0.652932  -0.428619   0.624472   0.323351
  0.404636   0.894356   0.190782 -0.0765035
 -0.640273   0.128116   0.757388  0.0589866
         0          0          0          1
map points: 759
VO costs time: 0.05145

****** loop 52 ******
extract keypoints cost time: 0.007299
descriptor computation cost time: 0.006886
good matches: 82
flann match cost time: 0.028273
pnp inliers: 79
T_c_w_estimated_: 
 0.660824 -0.433198  0.612904  0.339099
 0.400739  0.894121  0.199889 -0.086148
-0.634602  0.113523  0.764456 0.0678006
        0         0         0         1
map points: 1096
VO costs time: 0.044259

****** loop 53 ******
extract keypoints cost time: 0.012847
descriptor computation cost time: 0.00948
good matches: 298
flann match cost time: 0.026737
pnp inliers: 295
T_c_w_estimated_: 
  0.668977  -0.433318   0.603908   0.350961
  0.397737   0.895068    0.20164 -0.0955927
 -0.627913   0.105304   0.771127  0.0723657
         0          0          0          1
map points: 1013
VO costs time: 0.051713

****** loop 54 ******
extract keypoints cost time: 0.011485
descriptor computation cost time: 0.010444
good matches: 248
flann match cost time: 0.022203
pnp inliers: 244
T_c_w_estimated_: 
  0.679543  -0.427538   0.596182   0.363446
   0.39616   0.897819   0.192297 -0.0982254
 -0.617477   0.105509    0.77948  0.0781679
         0          0          0          1
map points: 885
VO costs time: 0.046304

****** loop 55 ******
extract keypoints cost time: 0.008978
descriptor computation cost time: 0.007213
good matches: 198
flann match cost time: 0.026052
pnp inliers: 198
T_c_w_estimated_: 
 0.689337 -0.414175  0.594368  0.372802
 0.389887  0.903599  0.177473 -0.106888
-0.610575  0.109398  0.784366 0.0755708
        0         0         0         1
map points: 883
VO costs time: 0.044204

****** loop 56 ******
extract keypoints cost time: 0.010922
descriptor computation cost time: 0.00951
good matches: 162
flann match cost time: 0.026356
pnp inliers: 161
T_c_w_estimated_: 
 0.699605 -0.404515     0.589  0.384828
 0.381481  0.908461  0.170797 -0.113453
-0.604173  0.105202  0.789878 0.0789455
        0         0         0         1
map points: 880
VO costs time: 0.048486

****** loop 57 ******
extract keypoints cost time: 0.007106
descriptor computation cost time: 0.009026
good matches: 112
flann match cost time: 0.026746
pnp inliers: 112
T_c_w_estimated_: 
 0.711324 -0.392552  0.583027  0.397024
  0.37127  0.914186  0.162552 -0.131236
-0.596805  0.100833  0.796025 0.0802828
        0         0         0         1
map points: 880
Key frame size = 14
VO costs time: 0.044082

****** loop 58 ******
extract keypoints cost time: 0.005394
descriptor computation cost time: 0.006423
good matches: 91
flann match cost time: 0.027478
pnp inliers: 90
T_c_w_estimated_: 
 0.723931 -0.372244  0.580825  0.401783
 0.367053  0.920703   0.13258 -0.134142
 -0.58412  0.117215  0.803159 0.0767658
        0         0         0         1
map points: 1281
VO costs time: 0.041136

****** loop 59 ******
extract keypoints cost time: 0.005338
descriptor computation cost time: 0.007957
good matches: 266
flann match cost time: 0.037591
pnp inliers: 266
T_c_w_estimated_: 
 0.737676 -0.350988  0.576751  0.416205
 0.353652  0.928556  0.112755 -0.147347
-0.575121  0.120793  0.809101 0.0818576
        0         0         0         1
map points: 1193
VO costs time: 0.052829

****** loop 60 ******
extract keypoints cost time: 0.010114
descriptor computation cost time: 0.008016
good matches: 164
flann match cost time: 0.028884
pnp inliers: 164
T_c_w_estimated_: 
 0.743582 -0.333105  0.579765  0.423211
 0.345303  0.933807 0.0936504 -0.166447
-0.572584  0.130558  0.809384 0.0725595
        0         0         0         1
map points: 1063
VO costs time: 0.04889

****** loop 61 ******
extract keypoints cost time: 0.006638
descriptor computation cost time: 0.011
good matches: 145
flann match cost time: 0.031333
pnp inliers: 145
T_c_w_estimated_: 
 0.756367 -0.313913  0.573905  0.427221
 0.342085  0.937621 0.0620124 -0.171799
-0.557572   0.14942   0.81657 0.0691556
        0         0         0         1
map points: 874
Key frame size = 15
VO costs time: 0.05305

****** loop 62 ******
extract keypoints cost time: 0.007513
descriptor computation cost time: 0.012214
good matches: 132
flann match cost time: 0.039493
pnp inliers: 132
T_c_w_estimated_: 
 0.774297 -0.293924  0.560422  0.441788
  0.33161  0.942719 0.0362649 -0.180162
 -0.53898  0.157762  0.827413 0.0761387
        0         0         0         1
map points: 871
VO costs time: 0.061463

****** loop 63 ******
extract keypoints cost time: 0.010769
descriptor computation cost time: 0.008446
good matches: 83
flann match cost time: 0.025187
pnp inliers: 82
T_c_w_estimated_: 
 0.785111 -0.276067  0.554426  0.452415
 0.322292  0.946523 0.0149144 -0.181777
-0.528894  0.166978    0.8321 0.0799957
        0         0         0         1
map points: 1286
VO costs time: 0.045998

****** loop 64 ******
extract keypoints cost time: 0.007396
descriptor computation cost time: 0.008039
good matches: 305
flann match cost time: 0.031999
pnp inliers: 304
T_c_w_estimated_: 
    0.796109    -0.256155     0.548265      0.46373
    0.306428     0.951894 -0.000214457    -0.194307
   -0.521835     0.168175     0.836305    0.0822537
           0            0            0            1
map points: 1165
VO costs time: 0.05014

****** loop 65 ******
extract keypoints cost time: 0.005754
descriptor computation cost time: 0.006775
good matches: 187
flann match cost time: 0.028647
pnp inliers: 187
T_c_w_estimated_: 
  0.807811   -0.22804   0.543542   0.471988
  0.285791   0.958021 -0.0228089  -0.203594
 -0.515523   0.173765   0.839072  0.0826766
         0          0          0          1
map points: 1165
Key frame size = 16
VO costs time: 0.043007

****** loop 66 ******
extract keypoints cost time: 0.006457
descriptor computation cost time: 0.007398
good matches: 115
flann match cost time: 0.029802
pnp inliers: 113
T_c_w_estimated_: 
  0.817695  -0.200092   0.539758   0.490235
   0.26168   0.964369 -0.0389276  -0.213929
 -0.512737   0.173075    0.84092  0.0882343
         0          0          0          1
map points: 901
VO costs time: 0.045196

****** loop 67 ******
extract keypoints cost time: 0.008041
descriptor computation cost time: 0.007447
good matches: 86
flann match cost time: 0.026845
pnp inliers: 86
T_c_w_estimated_: 
  0.823814   -0.17556    0.53899   0.503757
  0.238173   0.970032 -0.0480732  -0.231018
 -0.514397   0.167976   0.840939  0.0887785
         0          0          0          1
map points: 1262
VO costs time: 0.04392

****** loop 68 ******
extract keypoints cost time: 0.007042
descriptor computation cost time: 0.007645
good matches: 222
flann match cost time: 0.034437
pnp inliers: 221
T_c_w_estimated_: 
  0.830722  -0.148405   0.536542   0.511179
  0.218881    0.97326 -0.0696911   -0.23844
 -0.511853   0.175333   0.840991  0.0846573
         0          0          0          1
map points: 1262
VO costs time: 0.050954

****** loop 69 ******
extract keypoints cost time: 0.008614
descriptor computation cost time: 0.009345
good matches: 145
flann match cost time: 0.035129
pnp inliers: 145
T_c_w_estimated_: 
  0.836528  -0.137648   0.530352   0.526521
  0.205108   0.976222 -0.0701487  -0.239488
 -0.508086   0.167461    0.84487  0.0920442
         0          0          0          1
map points: 1147
VO costs time: 0.054666

****** loop 70 ******
extract keypoints cost time: 0.008201
descriptor computation cost time: 0.010444
good matches: 97
flann match cost time: 0.026536
pnp inliers: 97
T_c_w_estimated_: 
  0.839059  -0.141107   0.525423   0.545016
  0.203272   0.977145 -0.0621882  -0.235508
 -0.504639   0.158983   0.848565  0.0986235
         0          0          0          1
map points: 1379
VO costs time: 0.047247

****** loop 71 ******
extract keypoints cost time: 0.010703
descriptor computation cost time: 0.009107
good matches: 277
flann match cost time: 0.030376
pnp inliers: 277
T_c_w_estimated_: 
  0.83915 -0.150405   0.52269  0.558783
 0.209351  0.976283 -0.055173 -0.227107
-0.501995  0.155724  0.850735  0.100438
        0         0         0         1
map points: 962
Key frame size = 17
VO costs time: 0.052221

****** loop 72 ******
extract keypoints cost time: 0.00934
descriptor computation cost time: 0.010309
good matches: 177
flann match cost time: 0.02695
pnp inliers: 177
T_c_w_estimated_: 
  0.844023  -0.157185   0.512755   0.574208
  0.212706   0.975785 -0.0509986  -0.221695
 -0.492322    0.15211   0.857019   0.112286
         0          0          0          1
map points: 962
VO costs time: 0.048043

****** loop 73 ******
extract keypoints cost time: 0.006244
descriptor computation cost time: 0.006328
good matches: 145
flann match cost time: 0.023295
pnp inliers: 145
T_c_w_estimated_: 
  0.849935  -0.157591   0.502767   0.588891
  0.211983   0.975863 -0.0524775  -0.210582
 -0.482362    0.15118   0.862828     0.1225
         0          0          0          1
map points: 962
VO costs time: 0.037796

****** loop 74 ******
extract keypoints cost time: 0.007901
descriptor computation cost time: 0.007114
good matches: 114
flann match cost time: 0.027457
pnp inliers: 113
T_c_w_estimated_: 
  0.854165  -0.159666   0.494884   0.604678
  0.208574    0.97698 -0.0447908  -0.208168
  -0.47634   0.141479   0.867804    0.13703
         0          0          0          1
map points: 962
VO costs time: 0.045895

****** loop 75 ******
extract keypoints cost time: 0.009565
descriptor computation cost time: 0.008475
good matches: 95
flann match cost time: 0.028111
pnp inliers: 95
T_c_w_estimated_: 
  0.856225  -0.163768   0.489958   0.621802
  0.211465   0.976432 -0.0431726   -0.20032
  -0.47134   0.140574   0.870676   0.145819
         0          0          0          1
map points: 1343
VO costs time: 0.047863

****** loop 76 ******
extract keypoints cost time: 0.010448
descriptor computation cost time: 0.008098
good matches: 310
flann match cost time: 0.031776
pnp inliers: 310
T_c_w_estimated_: 
  0.858091   -0.16416   0.486551   0.631187
  0.210765   0.976625 -0.0421999  -0.196611
  -0.46825   0.138759   0.872633   0.152881
         0          0          0          1
map points: 1216
VO costs time: 0.052685

****** loop 77 ******
extract keypoints cost time: 0.008681
descriptor computation cost time: 0.008797
good matches: 230
flann match cost time: 0.03427
pnp inliers: 230
T_c_w_estimated_: 
  0.860077  -0.163932   0.483108    0.63863
   0.21214   0.976135 -0.0464425  -0.189428
 -0.463965   0.142431   0.874328   0.158201
         0          0          0          1
map points: 1142
VO costs time: 0.053565

****** loop 78 ******
extract keypoints cost time: 0.006618
descriptor computation cost time: 0.006032
good matches: 181
flann match cost time: 0.034782
pnp inliers: 181
T_c_w_estimated_: 
  0.863699  -0.170086   0.474441   0.652619
  0.215414   0.975602 -0.0424017  -0.184568
 -0.455653   0.138824   0.879266   0.171789
         0          0          0          1
map points: 903
Key frame size = 18
VO costs time: 0.049157

****** loop 79 ******
extract keypoints cost time: 0.006487
descriptor computation cost time: 0.006619
good matches: 142
flann match cost time: 0.030536
pnp inliers: 142
T_c_w_estimated_: 
 0.865939 -0.172862  0.469328  0.658782
 0.219758  0.974443 -0.046562 -0.179674
-0.449285  0.143459  0.881795  0.178999
        0         0         0         1
map points: 903
VO costs time: 0.045326

****** loop 80 ******
extract keypoints cost time: 0.005727
descriptor computation cost time: 0.008764
good matches: 97
flann match cost time: 0.028623
pnp inliers: 97
T_c_w_estimated_: 
  0.870043  -0.185464   0.456758    0.67174
  0.229598   0.972356 -0.0425244  -0.183262
 -0.436245   0.141869   0.888574   0.191471
         0          0          0          1
map points: 1261
VO costs time: 0.044782

****** loop 81 ******
extract keypoints cost time: 0.009509
descriptor computation cost time: 0.006073
good matches: 237
flann match cost time: 0.037787
pnp inliers: 237
T_c_w_estimated_: 
  0.871629  -0.196065   0.449246   0.683258
  0.250928   0.965798 -0.0653471  -0.164726
 -0.421069   0.169687   0.891015   0.195749
         0          0          0          1
map points: 1171
VO costs time: 0.055469

****** loop 82 ******
extract keypoints cost time: 0.008864
descriptor computation cost time: 0.007859
good matches: 166
flann match cost time: 0.039061
pnp inliers: 165
T_c_w_estimated_: 
  0.873992  -0.207676   0.439327   0.697893
  0.267887   0.960204 -0.0790293  -0.144461
  -0.40543   0.186761   0.894844   0.207876
         0          0          0          1
map points: 1105
VO costs time: 0.057985

****** loop 83 ******
extract keypoints cost time: 0.006663
descriptor computation cost time: 0.00882
good matches: 108
flann match cost time: 0.031598
pnp inliers: 108
T_c_w_estimated_: 
  0.876813  -0.209738   0.432677   0.705006
  0.270164   0.959275 -0.0824776  -0.136969
 -0.397758   0.189211   0.897768   0.215261
         0          0          0          1
map points: 828
VO costs time: 0.048977

****** loop 84 ******
extract keypoints cost time: 0.006775
descriptor computation cost time: 0.006084
good matches: 94
flann match cost time: 0.030892
pnp inliers: 94
T_c_w_estimated_: 
  0.878085  -0.211315   0.429317   0.702769
  0.271931   0.958613 -0.0843419  -0.128786
 -0.393726   0.190804   0.899207   0.213267
         0          0          0          1
map points: 1201
VO costs time: 0.045423

****** loop 85 ******
extract keypoints cost time: 0.007281
descriptor computation cost time: 0.008824
good matches: 230
flann match cost time: 0.034165
pnp inliers: 228
T_c_w_estimated_: 
  0.884906  -0.207255   0.417118   0.702329
   0.26295   0.961478 -0.0801099  -0.121661
 -0.384446   0.180571   0.905315   0.221924
         0          0          0          1
map points: 1201
VO costs time: 0.052324

****** loop 86 ******
extract keypoints cost time: 0.007736
descriptor computation cost time: 0.008375
good matches: 205
flann match cost time: 0.034087
pnp inliers: 204
T_c_w_estimated_: 
  0.893852  -0.206284    0.39809   0.705212
  0.253248   0.964966 -0.0686012  -0.131925
 -0.369992   0.162135   0.914778   0.239725
         0          0          0          1
map points: 1034
VO costs time: 0.054219

****** loop 87 ******
extract keypoints cost time: 0.008373
descriptor computation cost time: 0.006243
good matches: 145
flann match cost time: 0.036227
pnp inliers: 144
T_c_w_estimated_: 
  0.914063  -0.194186   0.356064   0.707782
  0.239485   0.966954 -0.0874442  -0.118022
 -0.327317   0.165201   0.930361   0.269308
         0          0          0          1
map points: 891
Key frame size = 19
VO costs time: 0.052967

****** loop 88 ******
extract keypoints cost time: 0.008736
descriptor computation cost time: 0.008764
good matches: 100
flann match cost time: 0.025853
pnp inliers: 99
T_c_w_estimated_: 
  0.924076  -0.185023   0.334439   0.709122
  0.226095   0.970121 -0.0880103  -0.113859
 -0.308162   0.156943   0.938299   0.285622
         0          0          0          1
map points: 870
VO costs time: 0.045733

****** loop 89 ******
extract keypoints cost time: 0.006033
descriptor computation cost time: 0.008092
good matches: 63
flann match cost time: 0.023918
pnp inliers: 62
T_c_w_estimated_: 
  0.942612  -0.172228   0.286042    0.70861
  0.206348   0.973997 -0.0935395   -0.11289
 -0.262494   0.147196   0.953641   0.312847
         0          0          0          1
map points: 1253
VO costs time: 0.0395

****** loop 90 ******
extract keypoints cost time: 0.010326
descriptor computation cost time: 0.006222
good matches: 229
flann match cost time: 0.037335
pnp inliers: 229
T_c_w_estimated_: 
  0.952724  -0.162001   0.257048   0.716999
  0.189533   0.978096 -0.0860557  -0.116073
 -0.237476   0.130706    0.96256   0.333606
         0          0          0          1
map points: 1080
Key frame size = 20
VO costs time: 0.056221

****** loop 91 ******
extract keypoints cost time: 0.006559
descriptor computation cost time: 0.005945
good matches: 133
flann match cost time: 0.030532
pnp inliers: 132
T_c_w_estimated_: 
 0.961153  -0.13602  0.240173  0.737502
 0.165241  0.980545 -0.105955 -0.141153
-0.221088  0.141525   0.96493  0.332913
        0         0         0         1
map points: 1008
VO costs time: 0.044731

****** loop 92 ******
extract keypoints cost time: 0.008324
descriptor computation cost time: 0.009105
good matches: 110
flann match cost time: 0.033762
pnp inliers: 110
T_c_w_estimated_: 
 0.962364 -0.122858  0.242407  0.747222
 0.156029  0.980102 -0.122699 -0.151614
-0.222509  0.155903  0.962384  0.317397
        0         0         0         1
map points: 823
VO costs time: 0.052882

****** loop 93 ******
extract keypoints cost time: 0.009357
descriptor computation cost time: 0.007285
good matches: 51
flann match cost time: 0.023895
pnp inliers: 51
T_c_w_estimated_: 
 0.968119 -0.107265  0.226364  0.767732
 0.137012  0.983268 -0.120045 -0.174353
  -0.2097  0.147232  0.966617  0.308211
        0         0         0         1
map points: 1239
VO costs time: 0.043529

****** loop 94 ******
extract keypoints cost time: 0.006002
descriptor computation cost time: 0.005876
good matches: 135
flann match cost time: 0.03062
pnp inliers: 134
T_c_w_estimated_: 
  0.970965 -0.0880836   0.222413   0.764321
  0.123176   0.981108  -0.149183  -0.203335
  -0.20507   0.172247   0.963471    0.29475
         0          0          0          1
map points: 1236
VO costs time: 0.045169

****** loop 95 ******
extract keypoints cost time: 0.007682
descriptor computation cost time: 0.00675
good matches: 133
flann match cost time: 0.032629
pnp inliers: 132
T_c_w_estimated_: 
  0.978749 -0.0615642   0.195601   0.782403
 0.0994406   0.976702   -0.19017  -0.210417
 -0.179336    0.20558   0.962068   0.278177
         0          0          0          1
map points: 992
Key frame size = 21
VO costs time: 0.048734

****** loop 96 ******
extract keypoints cost time: 0.007324
descriptor computation cost time: 0.006234
good matches: 101
flann match cost time: 0.029954
pnp inliers: 101
T_c_w_estimated_: 
  0.980498 -0.0383009   0.192763   0.786683
 0.0779041   0.976221  -0.202294   -0.23893
 -0.180431   0.213365   0.960167    0.26718
         0          0          0          1
map points: 981
VO costs time: 0.044773

****** loop 97 ******
extract keypoints cost time: 0.006144
descriptor computation cost time: 0.008453
good matches: 154
flann match cost time: 0.032948
pnp inliers: 149
T_c_w_estimated_: 
  0.978037 -0.0174799   0.207696   0.819201
 0.0582114   0.979733  -0.191661  -0.262361
 -0.200137   0.199542   0.959233   0.214383
         0          0          0          1
map points: 965
VO costs time: 0.049875

****** loop 98 ******
extract keypoints cost time: 0.006673
descriptor computation cost time: 0.008516
good matches: 106
flann match cost time: 0.03126
pnp inliers: 104
T_c_w_estimated_: 
